31.940301    -68.872738    7.409074    6.672805
31.684466    -65.360355    6.838613    5.670161
145.001655    -41.900868    6.833460    6.036584
41.123335    -45.937755    5.733766    5.044136
41.121397    -49.515108    5.727127    4.987557
28.241046    -26.700799    5.781063    5.651994
30.327916    -51.643228    5.452348    5.341168
30.327034    -52.833767    5.458056    5.352814
83.518089    -79.597741    5.464771    5.383817
83.516704    -80.559622    5.467544    5.388698
83.515340    -80.920441    5.468241    5.391123
94.027439    -80.610459    5.588972    5.491182
94.026493    -79.045199    5.594436    5.499801
97.405519    -77.480983    5.624870    5.535261
97.404785    -75.653784    5.626018    5.537221
97.404426    -74.670654    5.632084    5.544961
94.395147    -72.605116    5.496182    5.419876
94.395475    -70.443183    5.495298    5.418794
94.395643    -69.335791    5.497607    5.421220
95.879365    -67.081555    5.501083    5.426296
95.879763    -64.787418    5.502372    5.427449
95.879966    -63.628990    5.507255    5.432989
127.798855    -61.294719    5.747528    5.689434
127.799115    -58.942606    5.773482    5.717742
127.799250    -57.761462    5.780425    5.725227
173.458292    -55.391543    5.778722    5.735253
173.457156    -53.014166    5.786869    5.742873
173.456022    -50.632018    5.796629    5.752376
177.451503    -49.439856    5.745753    5.697232
177.450346    -47.054560    5.742963    5.692695
177.449766    -45.861852    5.732398    5.680148
178.533959    -43.477286    5.682413    5.624202
178.535011    -41.095015    5.679741    5.619614
178.535539    -39.905141    5.674208    5.612517
150.817355    -37.528686    5.638529    5.559606
150.818304    -35.157572    5.636120    5.555081
150.818783    -33.974365    5.628277    5.544842
162.941223    -28.087252    5.595493    5.513800
162.941905    -26.916555    5.580418    5.494616
26.456442    -51.508075    5.474586    5.331701
29.288486    -59.804576    5.535390    5.446080
29.287593    -60.978884    5.548712    5.466123
30.073651    -64.472512    5.540307    5.467252
30.072789    -65.624341    5.551602    5.483460
33.956607    -67.901861    5.530739    5.459835
33.955770    -69.024362    5.542744    5.476449
33.954118    -71.226237    5.539068    5.476951
93.911620    -76.599909    5.563937    5.468988
93.911101    -74.690967    5.561691    5.467460
93.910849    -73.678282    5.565370    5.472622
97.260957    -71.569024    5.590310    5.501828
97.260327    -69.377462    5.591646    5.504693
97.260019    -68.258889    5.596087    5.510767
107.668381    -65.987414    5.657083    5.581219
112.264657    -60.176009    5.677226    5.609868
112.263756    -57.818494    5.676648    5.610189
112.263311    -56.635269    5.680295    5.614958
110.346330    -54.262175    5.669103    5.598084
110.345959    -51.882701    5.671153    5.601368
94.454536    -48.306831    5.512215    5.439470
94.455076    -45.921349    5.514749    5.442466
95.947742    -42.344868    5.512771    5.439361
95.948342    -39.963744    5.513974    5.440619
95.948645    -38.774622    5.514009    5.440587
127.831682    -34.031127    5.696049    5.627890
127.831912    -32.849204    5.693321    5.624599
163.184771    -30.491047    5.699774    5.641337
163.186059    -28.141383    5.696420    5.636118
163.187359    -25.801289    5.692026    5.629729
158.552025    -24.635174    5.647664    5.582354
158.553239    -22.311508    5.648392    5.581569
158.553850    -21.154245    5.643664    5.575254
112.076802    -70.514286    5.597079    5.466675
112.076296    -69.413300    5.599713    5.470913
112.075303    -67.169446    5.600843    5.474226
110.244013    -63.727871    5.585085    5.448754
110.243618    -61.398729    5.584379    5.448944
116.492146    -60.226614    5.616876    5.491000
116.491635    -57.870793    5.616460    5.491657
116.491141    -55.503217    5.616851    5.493583
94.522973    -53.127421    5.489363    5.373272
94.523272    -51.937342    5.488706    5.372556
94.523875    -49.554327    5.490828    5.375533
130.967335    -47.169211    5.674638    5.567731
130.967367    -45.976428    5.672561    5.565179
130.967439    -43.591418    5.671041    5.563385
138.092448    -42.399554    5.731651    5.638531
138.092408    -40.017945    5.733406    5.640992
138.092377    -37.640213    5.733480    5.641291
96.027427    -35.267538    5.492539    5.377175
96.027768    -34.083453    5.496085    5.381362
96.028456    -31.720467    5.496559    5.381882
130.299042    -29.365309    5.673928    5.569261
130.299159    -28.191000    5.675941    5.571982
130.299397    -25.849609    5.671910    5.567744
127.877200    -23.518769    5.635879    5.521085
127.877744    -21.199616    5.636154    5.521634
127.878017    -20.044787    5.634777    5.520154
